   192
ANGSTROM
O      0.000000    0.000000    0.000000 1
O      0.919217   -0.022920   -8.450093 1
O     -1.724066    1.460145   -8.010156 1
O     -3.131608   -3.993985   -1.175014 1
O     -3.575435    3.821222    0.476677 1
O      2.058211    1.222908    0.808900 1
O     -0.171918   -4.818154    3.190816 1
O      5.585465   -6.966273   -1.744137 1
O     -3.801663   -5.313055   -4.603741 1
O     -5.848549   -0.368471    0.804106 1
O      6.267244   -3.433135    1.944561 1
O     -5.851812    2.382239    5.977849 1
O      5.106282    2.688942    3.955392 1
O      4.191571    3.529800    1.042527 1
O     -5.369146    0.736128   -1.981083 1
O     -5.309487   -1.738650   -3.775244 1
O     -2.205496    7.310768   -2.912280 1
O      3.058654   -2.012658    0.936865 1
O     -0.911041    2.252716   -2.441468 1
O      2.482663   -5.640685   -0.919291 1
O     -1.450045    6.209112    0.259215 1
O      4.517681   -4.533533   -5.810835 1
O      1.109285    3.609377    4.744790 1
O      2.079278    3.595246   -2.044517 1
O     -2.355989   -1.642695    2.108910 1
O     -2.816920    2.698885   -4.728649 1
O     -4.116354    0.351301   -4.825207 1
O     -1.012904   -6.842255   -3.615850 1
O     -7.690141   -0.538108   -3.172179 1
O      2.045258   -1.315898   -3.718671 1
O     -0.888919    3.861820    2.860273 1
O     -4.946677    3.032704    4.049991 1
O      4.940438   -0.417838    2.759862 1
O     -2.894100    0.547975    0.232039 1
O      2.770660    2.724862   -4.818333 1
O     -1.711527   -0.505740   -3.842640 1
O     -2.075942   -4.336811    5.349924 1
O      3.773149    5.328635   -5.546292 1
O      4.928779   -1.387657    5.281926 1
O      0.338133   -3.288267   -4.022225 1
O      2.613760    4.976298    3.050372 1
O     -0.148082   -2.357505    3.735673 1
O      1.495432    4.612122    0.652248 1
O     -7.330445    1.499397    0.750110 1
O      0.505108   -2.294241    0.017977 1
O     -4.278958    3.907036   -3.345694 1
O      3.582746    1.897376   -1.230927 1
O      3.349674    1.089666    4.980911 1
O     -1.876063   -6.787978    5.319376 1
O     -3.801321   -2.507804   -5.437804 1
O     -0.708404   -3.716611   -1.748243 1
O     -5.381778   -4.295305   -2.194654 1
O     -5.010957   -2.694577    4.358988 1
O      4.771756   -5.528100    0.883959 1
O      8.516255   -1.417053   -0.695181 1
O      3.807226   -3.380747   -8.369485 1
O     -4.072066   -5.086125    2.637435 1
O     -4.486248    0.449964    3.523763 1
O      5.320140    4.896244    2.794398 1
O      3.895296   -3.434718   -1.213492 1
O      1.646628   -4.551131    6.712007 1
O      1.880202   -3.988281    0.519445 1
O     -2.138933   -1.920101   -2.063900 1
O     -0.391802   -0.863906   -5.719176 1
H      0.788003    0.615655    0.000000 2
H      1.476800    0.573659   -9.027306 2
H     -1.816066    1.264599   -7.033796 2
H     -2.864668   -4.957051   -1.210060 2
H     -3.802905    3.513878    1.400678 2
H      2.860433    1.355290    1.391048 2
H      0.424824   -5.575993    2.927071 2
H      6.412656   -7.451491   -2.027508 2
H     -4.197518   -6.138502   -5.006129 2
H     -5.436172    0.257692    1.465805 2
H      7.162886   -3.454804    2.388786 2
H     -5.969923    3.350190    6.199439 2
H      5.775934    2.183437    4.499461 2
H      3.198097    3.483531    0.938368 2
H     -5.664944    1.691331   -1.972662 2
H     -6.141861   -1.186677   -3.725649 2
H     -2.157761    6.312015   -2.926198 2
H      2.103198   -2.191687    0.702272 2
H     -0.682176    1.671191   -3.222128 2
H      1.825397   -6.187721   -0.400896 2
H     -1.997452    6.110943   -0.571862 2
H      5.083849   -4.807886   -6.588115 2
H      1.710901    4.395570    4.603583 2
H      1.504292    2.777117   -2.050575 2
H     -1.804570   -2.436848    2.364330 2
H     -3.326670    3.483947   -5.080519 2
H     -4.185626   -0.415163   -4.186681 2
H     -1.403954   -7.762565   -3.625309 2
H     -8.569419   -0.119247   -2.945450 2
H      1.199216   -1.536717   -4.203885 2
H     -1.378110    4.264689    3.633816 2
H     -5.420593    2.162537    4.184872 2
H      4.002772   -0.105570    2.607378 2
H     -1.949271    0.843754    0.091348 2
H      2.799843    2.054794   -4.076620 2
H     -2.364939   -0.393888   -3.093961 2
H     -1.353505   -3.646000    5.378981 2
H      3.954474    6.014845   -6.250719 2
H      4.768107   -2.350733    5.497909 2
H      1.119670   -2.934775   -3.508198 2
H      1.754265    5.473770    3.167723 2
H     -0.645018   -3.185674    3.476499 2
H      0.628021    5.085493    0.805542 2
H     -6.860397    1.646901   -0.120107 2
H      0.786627   -1.679978   -0.719185 2
H     -4.459468    2.923754   -3.369189 2
H      3.288120    1.925825   -0.275748 2
H      4.271131    1.478065    4.987582 2
H     -2.309948   -6.352932    4.530415 2
H     -3.396068   -1.698431   -5.012756 2
H     -0.942402   -3.640691   -0.778984 2
H     -5.852090   -4.963687   -1.618414 2
H     -5.589203   -1.878770    4.350531 2
H      3.931006   -5.662309    1.408466 2
H      9.160058   -1.993788   -0.192313 2
H      3.407535   -2.579149   -7.924887 2
H     -4.363326   -5.976591    2.287839 2
H     -3.910198    1.191298    3.179421 2
H      4.926461    4.100479    3.254567 2
H      4.726149   -2.880782   -1.266581 2
H      2.611149   -4.485412    6.456351 2
H      2.488047   -3.352156    0.044208 2
H     -1.842912   -1.836933   -3.015443 2
H     -0.671531   -0.675908   -6.660659 2
H     -0.788003    0.615655    0.000000 2
H      1.585049   -0.480780   -7.861014 2
H     -1.042013    0.800474   -8.325781 2
H     -2.264505   -3.506105   -1.074585 2
H     -2.593565    4.006146    0.518088 2
H      1.771811    2.152429    0.576635 2
H      0.271350   -4.431307    3.999422 2
H      4.912626   -7.206025   -2.443986 2
H     -4.563431   -4.896550   -4.107542 2
H     -6.723441    0.059972    0.578313 2
H      5.766924   -4.186106    2.371989 2
H     -6.774389    2.072337    5.748082 2
H      5.589178    2.889891    3.103095 2
H      4.341285    4.369840    1.563967 2
H     -4.370990    0.792166   -2.003992 2
H     -4.920662   -1.510384   -4.667819 2
H     -1.349164    7.599878   -3.340171 2
H      3.224970   -1.090703    0.587124 2
H     -1.154568    3.129501   -2.856104 2
H      3.180292   -6.300721   -1.197944 2
H     -1.884971    6.965745    0.747402 2
H      3.659482   -5.027506   -5.950353 2
H      0.779555    3.722332    5.682073 2
H      1.579598    4.237818   -1.463655 2
H     -3.296137   -1.982419    2.135160 2
H     -3.321801    2.430634   -3.908212 2
H     -4.887361    0.217873   -5.447883 2
H     -0.026547   -6.997957   -3.669105 2
H     -7.817896   -1.504525   -2.949247 2
H      1.835716   -0.461231   -3.243680 2
H     -1.306496    4.291516    2.059666 2
H     -4.243901    2.822615    3.370323 2
H      4.926476   -0.779221    3.692164 2
H     -3.432298    1.376948    0.079963 2
H      2.971819    3.594241   -4.367007 2
H     -1.931790   -1.403590   -4.223863 2
H     -2.921339   -3.804984    5.399356 2
H      4.209681    4.500302   -5.897412 2
H      4.010106   -1.006150    5.179590 2
H      0.456202   -2.902893   -4.937390 2
H      3.310074    5.694010    3.046283 2
H      0.182640   -2.552783    4.658966 2
H      1.933976    5.140159   -0.074963 2
H     -7.941614    0.729276    0.567447 2
H      0.998999   -1.954100    0.818199 2
H     -5.160662    4.320364   -3.573153 2
H      4.550578    1.651375   -1.178340 2
H      2.775431    1.822917    5.345009 2
H     -1.524967   -7.651289    4.956877 2
H     -3.023432   -2.976201   -5.856700 2
H      0.216240   -4.097402   -1.744779 2
H     -4.429014   -4.598932   -2.189031 2
H     -5.635838   -3.431355    4.617178 2
H      4.914182   -6.405811    0.426446 2
H      8.579481   -1.747957   -1.636714 2
H      4.735223   -3.425000   -7.999561 2
H     -3.124031   -5.234933    2.918621 2
H     -5.409543    0.709640    3.240787 2
H      6.305377    4.726821    2.818582 2
H      3.948525   -4.028244   -2.016532 2
H      1.668526   -4.720947    7.697230 2
H      2.358380   -4.864945    0.466646 2
H     -1.374926   -1.544692   -1.539170 2
H      0.048750   -0.016163   -5.423837 2

